1554616157,11
1554616457,7
1554616757,6
1554617057,8
1554617357,7
1554617657,8
1554617957,8
1554618257,8
1554618557,8
1554618857,6
1554619157,7
1554619457,6
1554619757,5
1554620057,5
1554620357,8
1554620657,7
1554620957,7
1554621257,6
1554621557,6
1554621857,6
1554622157,5
1554622457,7
1554622757,6
1554623057,7
1554623357,5
1554623657,6
1554623957,6
1554624257,6
1554624557,6
1554624857,6
1554625157,4
1554625457,6
1554625757,6
1554626057,9
1554626522,8
1554626822,7
1554627122,7
1554627422,6
1554627722,6
1554628022,5
1554628322,6
1554628622,5
1554628922,7
1554629222,8
1554629522,11
1554629822,10
1554630122,9
1554630422,10
1554630722,13
1554631022,13
1554631322,13
1554631622,12
1554631922,11
1554632222,12
1554632522,11
1554632822,12
1554633122,13
1554633422,11
1554633722,17
1554634022,14
1554634322,13
1554634622,16
1554634922,14
1554635222,14
1554635522,12
1554635822,12
1554636122,14
1554636422,12
1554636722,12
1554637022,11
1554637322,11
1554637622,11
1554637922,8
1554638222,9
1554638522,6
1554638822,8
1554639122,8
1554639422,8
1554639722,7
1554640022,5
1554640322,6
1554640622,6
1554640922,7
1554641222,6
1554641522,6
1554641822,7
1554642122,5
1554642422,6
1554642722,5
1554643022,6
1554643322,5
1554643622,7
1554643922,7
1554644222,6
1554644522,6
1554644822,5
1554645122,6
1554645422,4
1554645722,6
1554646022,5
1554646322,4
1554646622,6
1554646922,4
1554647387,4
1554647687,5
1554647987,5
1554648287,3
1554648587,4
1554648887,3
1554649187,3
1554649487,3
1554649787,5
1554650087,5
1554650387,4
1554650687,4
1554650987,4
1554651287,5
1554651587,4
1554651887,5
1554652187,4
1554652487,5
1554652787,4
1554653087,6
1554653387,6
1554653687,5
1554653987,6
1554654287,7
1554654587,6
1554654887,5
1554655187,6
1554655487,5
1554655787,6
1554656087,5
1554656387,5
1554656687,5
1554656987,6
1554657287,7
1554657587,5
1554657887,6
1554658187,6
1554658487,5
1554658787,7
1554659087,6
1554659387,6
1554659687,5
1554659987,6
1554660287,8
1554660587,8
1554660887,7
1554661187,6
1554661487,7